0 0 0
0 1 0
0 2 0
0 3 0
0 4 0
0 5 0
0 6 0
0 7 0
0 8 0
0 9 0
0 10 0
0 11 0
0 12 0
0 13 0
0 14 0
0 15 0
0 16 0
0 17 0
0 18 0
0 19 0
0 20 0
0 21 0
0 22 0
0 23 0
0 24 0
0 25 0
0 26 0
0 27 0
0 27 0
0 28 0
0 29 0
0 30 0
0 31 0
0 32 0
0 33 0
0 34 0
0 35 0
0 36 0
0 37 0
0 38 0
0 39 0
0 40 0
0 41 0
0 42 0
0 43 0
0 44 0
0 45 0
0 46 0
0 47 0
0 48 0
0 49 0
0 50 0
0 51 0
0 52 0
0 53 0
0 54 0
0 55 0
0 56 0
0 57 0
0 58 0
0 59 0
0 60 0
0 61 0
0 62 0
0 63 0
0 64 0
0 65 0
0 66 0
0 67 0
0 68 0
0 69 0
0 70 0
0 70 0
0 71 0
0 72 0
0 73 0
0 74 0
0 75 0
0 76 1
0 77 1
0 78 1
0 79 1
0 80 1
0 81 1
0 82 1
0 83 1
0 84 1
0 85 1
0 86 1
0 87 1
0 88 1
0 89 1
0 90 1
0 91 1
0 92 1
0 93 1
0 93 1
0 94 1
0 95 1
0 96 1
0 97 1
0 98 1
0 99 1
0 100 1
0 101 1
0 102 1
0 103 2
0 104 2
0 105 2
0 106 2
0 107 2
0 108 2
0 109 2
0 110 2
0 111 2
0 112 2
0 113 2
0 114 2
0 115 2
0 115 2
0 116 2
0 117 2
0 118 2
0 119 2
0 120 2
0 121 2
0 122 2
0 123 2
0 124 2
0 125 2
0 126 3
0 127 3
0 128 3
0 129 3
0 130 3
0 131 3
0 132 3
0 133 3
0 134 3
0 135 3
0 136 4
0 137 4
1 138 4
1 139 4
1 140 4
1 141 4
1 142 4
1 143 4
1 145 4
1 146 4
1 147 4
1 148 5
1 149 5
1 150 5
1 151 5
1 152 5
1 153 5
1 154 5
1 155 5
1 156 5
1 157 5
1 158 6
1 159 6
1 160 6
1 161 6
1 162 6
1 163 6
1 164 6
1 165 6
2 166 6
2 167 6
2 168 7
2 169 7
2 170 7
2 171 7
2 172 7
2 173 7
2 174 7
2 175 7
2 176 7
2 177 7
2 178 8
2 179 8
2 180 8
2 181 8
2 182 8
2 183 8
2 184 8
2 185 8
2 186 8
2 187 8
2 188 8
5 189 11
9 190 15
13 191 19
17 192 23
21 193 27
25 195 31
29 196 35
33 197 38
37 198 42
41 199 46
45 200 50
49 201 54
53 202 58
57 203 62
61 204 66
65 205 69
69 206 73
73 207 77
77 208 81
81 209 85
85 210 89
89 211 93
92 212 96
96 213 100
100 214 104
104 215 108
108 216 112
112 217 116
116 219 120
120 220 124
124 221 127
128 222 131
132 223 135
136 224 139
140 225 143
144 226 147
148 227 151
152 228 154
156 229 158
160 230 162
164 231 166
168 232 170
172 233 174
176 234 178
180 235 182
184 236 185
188 237 189
192 238 193
196 239 197
200 240 201
203 241 205
207 242 209
211 244 212
215 245 216
219 246 220
223 247 224
227 248 228
231 249 232
235 250 236
239 251 240
243 252 243
247 253 247
251 254 251
255 255 255
